0.00000000 -1.00000000 0.00000000 0.00000000 0.00000000 0.00000000 -1.00000000
0.00000000 -1.00000000 0.00000000 0.00000000 0.00000000 0.00000000 -1.00000000
0.00000000 -1.00000000 0.00000000 0.00000000 0.00000000 0.00000000 -1.00000000
0.00000000 -1.00000000 0.00000000 0.00000000 0.00000000 0.00000000 -1.00000000
0.00000000 -1.00000000 0.00000000 0.00000000 0.00000000 0.00000000 -1.00000000
0.00000000 -1.00000000 0.00000000 0.00000000 0.00000000 0.00000000 -1.00000000
0.00000000 -1.00000000 0.00000000 0.00000000 0.00000000 0.00000000 -1.00000000
0.00000000 -1.00000000 0.00000000 0.00000000 0.00000000 0.00000000 -1.00000000
0.00000000 -1.00000000 0.00000000 0.00000000 0.00000000 0.00000000 -1.00000000
0.00000000 -1.00000000 0.00000000 0.00000000 0.00000000 0.00000000 -1.00000000
0.00000000 1.00000000 0.00000000 0.00000000 0.00000000 0.00000000 -1.00000000
0.00000000 1.00000000 0.00000000 0.00000000 0.00000000 0.00000000 -1.00000000
0.00000000 1.00000000 0.00000000 0.00000000 0.00000000 0.00000000 -1.00000000
0.00000000 1.00000000 0.00000000 0.00000000 0.00000000 0.00000000 -1.00000000
0.00000000 1.00000000 0.00000000 0.00000000 0.00000000 0.00000000 -1.00000000
0.00000000 1.00000000 0.00000000 0.00000000 0.00000000 0.00000000 -1.00000000
0.00000000 1.00000000 0.00000000 0.00000000 0.00000000 0.00000000 -1.00000000
0.00000000 1.00000000 0.00000000 0.00000000 0.00000000 0.00000000 -1.00000000
0.00000000 1.00000000 0.00000000 0.00000000 0.00000000 0.00000000 -1.00000000
0.00000000 1.00000000 0.00000000 0.00000000 0.00000000 0.00000000 -1.00000000
0.00000000 1.00000000 0.00000000 0.00000000 0.00000000 0.00000000 -1.00000000
0.00000000 1.00000000 0.00000000 0.00000000 0.00000000 0.00000000 -1.00000000
0.00000000 1.00000000 0.00000000 0.00000000 0.00000000 0.00000000 -1.00000000
0.00000000 1.00000000 0.00000000 0.00000000 0.00000000 0.00000000 -1.00000000
0.00000000 1.00000000 0.00000000 0.00000000 0.00000000 0.00000000 -1.00000000
0.00000000 1.00000000 0.00000000 0.00000000 0.00000000 0.00000000 -1.00000000
0.00000000 1.00000000 0.00000000 0.00000000 0.00000000 0.00000000 -1.00000000
0.00000000 1.00000000 0.00000000 0.00000000 0.00000000 0.00000000 -1.00000000
0.00000000 1.00000000 0.00000000 0.00000000 0.00000000 0.00000000 -1.00000000
0.00000000 1.00000000 0.00000000 0.00000000 0.00000000 0.00000000 -1.00000000
0.00000000 1.00000000 0.00000000 0.00000000 0.00000000 0.00000000 -1.00000000
0.00000000 1.00000000 0.00000000 0.00000000 0.00000000 0.00000000 -1.00000000
0.00000000 1.00000000 0.00000000 0.00000000 0.00000000 0.00000000 -1.00000000
0.00000000 1.00000000 0.00000000 0.00000000 0.00000000 0.00000000 -1.00000000
0.00000000 1.00000000 0.00000000 0.00000000 0.00000000 0.00000000 -1.00000000
0.00000000 1.00000000 0.00000000 0.00000000 0.00000000 0.00000000 -1.00000000
0.00000000 1.00000000 0.00000000 0.00000000 0.00000000 0.00000000 -1.00000000
0.00000000 1.00000000 0.00000000 0.00000000 0.00000000 0.00000000 -1.00000000
0.00000000 1.00000000 0.00000000 0.00000000 0.00000000 0.00000000 -1.00000000
0.00000000 1.00000000 0.00000000 0.00000000 0.00000000 0.00000000 -1.00000000
0.00000000 1.00000000 0.00000000 0.00000000 0.00000000 0.00000000 -1.00000000
0.00000000 1.00000000 0.00000000 0.00000000 0.00000000 0.00000000 -1.00000000
0.00000000 1.00000000 0.00000000 0.00000000 0.00000000 0.00000000 -1.00000000
0.00000000 1.00000000 0.00000000 0.00000000 0.00000000 0.00000000 -1.00000000
0.00000000 1.00000000 0.00000000 0.00000000 0.00000000 0.00000000 -1.00000000
0.00000000 1.00000000 0.00000000 0.00000000 0.00000000 0.00000000 -1.00000000
0.00000000 1.00000000 0.00000000 0.00000000 0.00000000 0.00000000 -1.00000000
0.00000000 1.00000000 0.00000000 0.00000000 0.00000000 0.00000000 -1.00000000
0.00000000 1.00000000 0.00000000 0.00000000 0.00000000 0.00000000 -1.00000000
0.00000000 1.00000000 0.00000000 0.00000000 0.00000000 0.00000000 -1.00000000
0.00000000 1.00000000 0.00000000 0.00000000 0.00000000 0.00000000 -1.00000000
0.00000000 1.00000000 0.00000000 0.00000000 0.00000000 0.00000000 -1.00000000
0.00000000 1.00000000 0.00000000 0.00000000 0.00000000 0.00000000 -1.00000000
0.00000000 1.00000000 0.00000000 0.00000000 0.00000000 0.00000000 -1.00000000
0.00000000 1.00000000 0.00000000 0.00000000 0.00000000 0.00000000 -1.00000000
0.00000000 1.00000000 0.00000000 0.00000000 0.00000000 0.00000000 -1.00000000
0.00000000 1.00000000 0.00000000 0.00000000 0.00000000 0.00000000 -1.00000000
0.00000000 1.00000000 0.00000000 0.00000000 0.00000000 0.00000000 -1.00000000
0.00000000 1.00000000 0.00000000 0.00000000 0.00000000 0.00000000 -1.00000000
0.00000000 1.00000000 0.00000000 0.00000000 0.00000000 0.00000000 -1.00000000
0.00000000 1.00000000 0.00000000 0.00000000 0.00000000 0.00000000 -1.00000000
0.00000000 1.00000000 0.00000000 0.00000000 0.00000000 0.00000000 -1.00000000
0.00000000 1.00000000 0.00000000 0.00000000 0.00000000 0.00000000 -1.00000000
0.00000000 0.00000000 0.00000000 0.00000000 0.05000000 0.00000000 -1.00000000
0.00000000 0.00000000 0.00000000 0.00000000 0.00000000 0.05000000 -1.00000000
0.00000000 0.00000000 0.00000000 0.00000000 0.00000000 0.05000000 -1.00000000
0.00000000 0.00000000 0.00000000 0.00000000 0.00000000 0.05000000 -1.00000000
0.00000000 0.00000000 0.00000000 0.00000000 0.00000000 0.05000000 -1.00000000
0.00000000 0.00000000 0.00000000 0.00000000 0.00000000 -0.05000000 -1.00000000
0.00000000 0.00000000 0.00000000 0.00000000 0.00000000 -0.05000000 -1.00000000
0.00000000 0.00000000 0.00000000 0.00000000 0.00000000 -0.05000000 -1.00000000
0.00000000 0.00000000 0.00000000 0.00000000 0.00000000 0.05000000 -1.00000000
0.00000000 0.00000000 0.00000000 0.00000000 0.00000000 0.05000000 -1.00000000
0.00000000 0.00000000 0.00000000 0.00000000 0.00000000 0.05000000 -1.00000000
0.00000000 0.00000000 0.00000000 0.00000000 -0.05000000 0.00000000 -1.00000000
0.00000000 0.00000000 0.00000000 0.00000000 -0.05000000 0.00000000 -1.00000000
0.00000000 0.00000000 0.00000000 0.00000000 -0.05000000 0.00000000 -1.00000000
0.00000000 0.00000000 0.00000000 -0.05000000 0.00000000 0.00000000 -1.00000000
0.00000000 0.00000000 0.00000000 -0.05000000 0.00000000 0.00000000 -1.00000000
0.00000000 0.00000000 0.00000000 -0.05000000 0.00000000 0.00000000 -1.00000000
0.00000000 0.00000000 0.00000000 0.05000000 0.00000000 0.00000000 -1.00000000
0.00000000 0.00000000 0.00000000 0.05000000 0.00000000 0.00000000 -1.00000000
0.00000000 0.00000000 0.00000000 0.05000000 0.00000000 0.00000000 -1.00000000
0.00000000 0.00000000 0.00000000 0.05000000 0.00000000 0.00000000 -1.00000000
0.00000000 0.00000000 0.00000000 0.05000000 0.00000000 0.00000000 -1.00000000
0.00000000 0.00000000 0.00000000 0.05000000 0.00000000 0.00000000 -1.00000000
0.00000000 0.00000000 0.00000000 0.05000000 0.00000000 0.00000000 -1.00000000
0.00000000 0.00000000 0.00000000 0.05000000 0.00000000 0.00000000 -1.00000000
0.00000000 0.00000000 0.00000000 0.00000000 0.05000000 0.00000000 -1.00000000
0.00000000 0.00000000 0.00000000 0.00000000 0.05000000 0.00000000 -1.00000000
0.00000000 1.00000000 0.00000000 0.00000000 0.00000000 0.00000000 -1.00000000
0.00000000 1.00000000 0.00000000 0.00000000 0.00000000 0.00000000 -1.00000000
0.00000000 1.00000000 0.00000000 0.00000000 0.00000000 0.00000000 -1.00000000
0.00000000 1.00000000 0.00000000 0.00000000 0.00000000 0.00000000 -1.00000000
0.00000000 1.00000000 0.00000000 0.00000000 0.00000000 0.00000000 -1.00000000
0.00000000 1.00000000 0.00000000 0.00000000 0.00000000 0.00000000 -1.00000000
0.00000000 1.00000000 0.00000000 0.00000000 0.00000000 0.00000000 -1.00000000
0.00000000 1.00000000 0.00000000 0.00000000 0.00000000 0.00000000 -1.00000000
0.00000000 1.00000000 0.00000000 0.00000000 0.00000000 0.00000000 -1.00000000
0.00000000 0.00000000 0.00000000 0.00000000 0.05000000 0.00000000 -1.00000000
0.00000000 0.00000000 0.00000000 0.00000000 0.05000000 0.00000000 -1.00000000
0.00000000 0.00000000 0.00000000 0.00000000 0.05000000 0.00000000 -1.00000000
0.00000000 0.00000000 0.00000000 0.00000000 0.05000000 0.00000000 -1.00000000
0.00000000 0.00000000 0.00000000 0.00000000 0.00000000 0.05000000 -1.00000000
0.00000000 0.00000000 0.00000000 0.00000000 0.00000000 0.05000000 -1.00000000
0.00000000 0.00000000 0.00000000 0.00000000 -0.05000000 0.00000000 -1.00000000
0.00000000 0.00000000 0.00000000 0.00000000 -0.05000000 0.00000000 -1.00000000
0.00000000 0.00000000 0.00000000 0.00000000 -0.05000000 0.00000000 -1.00000000
0.00000000 0.00000000 0.00000000 0.00000000 -0.05000000 0.00000000 -1.00000000
0.00000000 0.00000000 0.00000000 0.00000000 -0.05000000 0.00000000 -1.00000000
0.00000000 0.00000000 0.00000000 0.00000000 0.00000000 -0.05000000 -1.00000000
0.00000000 0.00000000 0.00000000 0.00000000 0.00000000 -0.05000000 -1.00000000
0.00000000 0.00000000 0.00000000 0.00000000 0.00000000 -0.05000000 -1.00000000
0.00000000 0.00000000 0.00000000 0.00000000 0.00000000 -0.05000000 -1.00000000
0.00000000 -1.00000000 0.00000000 0.00000000 0.00000000 0.00000000 -1.00000000
0.00000000 -1.00000000 0.00000000 0.00000000 0.00000000 0.00000000 -1.00000000
0.00000000 -1.00000000 0.00000000 0.00000000 0.00000000 0.00000000 -1.00000000
0.00000000 0.00000000 -1.00000000 0.00000000 0.00000000 0.00000000 -1.00000000
0.00000000 0.00000000 -1.00000000 0.00000000 0.00000000 0.00000000 -1.00000000
0.00000000 0.00000000 -1.00000000 0.00000000 0.00000000 0.00000000 -1.00000000
0.00000000 0.00000000 -1.00000000 0.00000000 0.00000000 0.00000000 -1.00000000
0.00000000 0.00000000 -1.00000000 0.00000000 0.00000000 0.00000000 -1.00000000
0.00000000 0.00000000 -1.00000000 0.00000000 0.00000000 0.00000000 -1.00000000
0.00000000 0.00000000 -1.00000000 0.00000000 0.00000000 0.00000000 -1.00000000
0.00000000 0.00000000 -1.00000000 0.00000000 0.00000000 0.00000000 -1.00000000
0.00000000 -1.00000000 0.00000000 0.00000000 0.00000000 0.00000000 -1.00000000
0.00000000 -1.00000000 0.00000000 0.00000000 0.00000000 0.00000000 -1.00000000
1.00000000 0.00000000 0.00000000 0.00000000 0.00000000 0.00000000 -1.00000000
1.00000000 0.00000000 0.00000000 0.00000000 0.00000000 0.00000000 -1.00000000
1.00000000 0.00000000 0.00000000 0.00000000 0.00000000 0.00000000 -1.00000000
1.00000000 0.00000000 0.00000000 0.00000000 0.00000000 0.00000000 -1.00000000
1.00000000 0.00000000 0.00000000 0.00000000 0.00000000 0.00000000 -1.00000000
1.00000000 0.00000000 0.00000000 0.00000000 0.00000000 0.00000000 -1.00000000
1.00000000 0.00000000 0.00000000 0.00000000 0.00000000 0.00000000 -1.00000000
-1.00000000 0.00000000 0.00000000 0.00000000 0.00000000 0.00000000 -1.00000000
-1.00000000 0.00000000 0.00000000 0.00000000 0.00000000 0.00000000 -1.00000000
0.00000000 -1.00000000 0.00000000 0.00000000 0.00000000 0.00000000 -1.00000000
1.00000000 0.00000000 0.00000000 0.00000000 0.00000000 0.00000000 -1.00000000
1.00000000 0.00000000 0.00000000 0.00000000 0.00000000 0.00000000 -1.00000000
1.00000000 0.00000000 0.00000000 0.00000000 0.00000000 0.00000000 -1.00000000
0.00000000 -1.00000000 0.00000000 0.00000000 0.00000000 0.00000000 -1.00000000
0.00000000 -1.00000000 0.00000000 0.00000000 0.00000000 0.00000000 -1.00000000
0.00000000 -1.00000000 0.00000000 0.00000000 0.00000000 0.00000000 -1.00000000
0.00000000 1.00000000 0.00000000 0.00000000 0.00000000 0.00000000 -1.00000000
0.00000000 1.00000000 0.00000000 0.00000000 0.00000000 0.00000000 -1.00000000
0.00000000 1.00000000 0.00000000 0.00000000 0.00000000 0.00000000 -1.00000000
0.00000000 1.00000000 0.00000000 0.00000000 0.00000000 0.00000000 -1.00000000
0.00000000 1.00000000 0.00000000 0.00000000 0.00000000 0.00000000 -1.00000000
0.00000000 1.00000000 0.00000000 0.00000000 0.00000000 0.00000000 -1.00000000
0.00000000 1.00000000 0.00000000 0.00000000 0.00000000 0.00000000 -1.00000000
0.00000000 1.00000000 0.00000000 0.00000000 0.00000000 0.00000000 -1.00000000
0.00000000 1.00000000 0.00000000 0.00000000 0.00000000 0.00000000 -1.00000000
0.00000000 1.00000000 0.00000000 0.00000000 0.00000000 0.00000000 -1.00000000
0.00000000 1.00000000 0.00000000 0.00000000 0.00000000 0.00000000 -1.00000000
0.00000000 1.00000000 0.00000000 0.00000000 0.00000000 0.00000000 -1.00000000
0.00000000 1.00000000 0.00000000 0.00000000 0.00000000 0.00000000 -1.00000000
0.00000000 1.00000000 0.00000000 0.00000000 0.00000000 0.00000000 -1.00000000
0.00000000 1.00000000 0.00000000 0.00000000 0.00000000 0.00000000 -1.00000000
0.00000000 1.00000000 0.00000000 0.00000000 0.00000000 0.00000000 -1.00000000
0.00000000 1.00000000 0.00000000 0.00000000 0.00000000 0.00000000 -1.00000000
0.00000000 1.00000000 0.00000000 0.00000000 0.00000000 0.00000000 -1.00000000
0.00000000 1.00000000 0.00000000 0.00000000 0.00000000 0.00000000 -1.00000000
0.00000000 0.00000000 0.00000000 0.00000000 0.05000000 0.00000000 -1.00000000
0.00000000 0.00000000 0.00000000 0.00000000 0.05000000 0.00000000 -1.00000000
0.00000000 0.00000000 0.00000000 0.00000000 0.05000000 0.00000000 -1.00000000
0.00000000 0.00000000 0.00000000 0.00000000 0.05000000 0.00000000 -1.00000000
0.00000000 0.00000000 0.00000000 0.00000000 0.00000000 -0.05000000 -1.00000000
0.00000000 0.00000000 0.00000000 0.00000000 0.00000000 -0.05000000 -1.00000000
0.00000000 0.00000000 0.00000000 0.00000000 0.00000000 -0.05000000 -1.00000000
0.00000000 0.00000000 0.00000000 0.00000000 0.00000000 -0.05000000 -1.00000000
0.00000000 0.00000000 0.00000000 0.00000000 0.00000000 -0.05000000 -1.00000000
0.00000000 0.00000000 0.00000000 0.00000000 0.00000000 -0.05000000 -1.00000000
0.00000000 0.00000000 0.00000000 0.00000000 0.00000000 -0.05000000 -1.00000000
0.00000000 0.00000000 0.00000000 0.00000000 0.00000000 -0.05000000 -1.00000000
0.00000000 0.00000000 0.00000000 0.00000000 0.00000000 -0.05000000 -1.00000000
0.00000000 0.00000000 0.00000000 0.00000000 0.00000000 -0.05000000 -1.00000000
0.00000000 0.00000000 0.00000000 0.00000000 -0.05000000 0.00000000 -1.00000000
0.00000000 0.00000000 0.00000000 0.00000000 -0.05000000 0.00000000 -1.00000000
0.00000000 0.00000000 0.00000000 0.00000000 -0.05000000 0.00000000 -1.00000000
0.00000000 0.00000000 0.00000000 0.00000000 -0.05000000 0.00000000 -1.00000000
0.00000000 0.00000000 0.00000000 0.00000000 -0.05000000 0.00000000 -1.00000000
0.00000000 0.00000000 0.00000000 0.05000000 0.00000000 0.00000000 -1.00000000
0.00000000 0.00000000 0.00000000 0.05000000 0.00000000 0.00000000 -1.00000000
0.00000000 0.00000000 0.00000000 0.05000000 0.00000000 0.00000000 -1.00000000
0.00000000 0.00000000 0.00000000 0.05000000 0.00000000 0.00000000 -1.00000000
0.00000000 0.00000000 0.00000000 0.05000000 0.00000000 0.00000000 -1.00000000
0.00000000 0.00000000 0.00000000 0.05000000 0.00000000 0.00000000 -1.00000000
0.00000000 0.00000000 0.00000000 0.05000000 0.00000000 0.00000000 -1.00000000
0.00000000 0.00000000 0.00000000 0.05000000 0.00000000 0.00000000 -1.00000000
0.00000000 0.00000000 0.00000000 0.05000000 0.00000000 0.00000000 -1.00000000
0.00000000 0.00000000 0.00000000 0.05000000 0.00000000 0.00000000 -1.00000000
0.00000000 0.00000000 0.00000000 0.05000000 0.00000000 0.00000000 -1.00000000
0.00000000 0.00000000 0.00000000 0.05000000 0.00000000 0.00000000 -1.00000000
0.00000000 0.00000000 0.00000000 0.05000000 0.00000000 0.00000000 -1.00000000
0.00000000 0.00000000 0.00000000 0.05000000 0.00000000 0.00000000 -1.00000000
0.00000000 0.00000000 0.00000000 0.05000000 0.00000000 0.00000000 -1.00000000
0.00000000 0.00000000 0.00000000 0.05000000 0.00000000 0.00000000 -1.00000000
0.00000000 0.00000000 0.00000000 0.05000000 0.00000000 0.00000000 -1.00000000
0.00000000 0.00000000 0.00000000 0.05000000 0.00000000 0.00000000 -1.00000000
0.00000000 0.00000000 0.00000000 0.05000000 0.00000000 0.00000000 -1.00000000
